1190 1211
4833 4865
514 555
2580 2608
3729 3779
1050 1067
4417 4430
1931 1985
400 440
1633 1661
1744 1772
1896 1926
4819 4865
3496 3504
3355 3373
4400 4412
2653 2677
675 702
1229 1234
680 695
3154 3169
4416 4446
4436 4440
3573 3579
3851 3874
4495 4499
2229 2277
2340 2362
1112 1144
1717 1730
4115 4131
2801 2835
2633 2675
4042 4056
3973 3991
2505 2530
4852 4882
2578 2601
4938 4988
3653 3695
3244 3252
1628 1644
4334 4345
1671 1689
3218 3240
3877 3918
3798 3851
1362 1384
2094 2121
3075 3122
1076 1112
4845 4866
2994 3026
4391 4407
3674 3680
716 759
2191 2243
4136 4153
1032 1084
2671 2718
3027 3052
1880 1914
3880 3897
461 516
1486 1510
2492 2508
3465 3507
2154 2178
2795 2850
1474 1486
1708 1742
1672 1712
2003 2053
4250 4258
1367 1384
2210 2254
3790 3845
4925 4970
2645 2699
4004 4062
1615 1644
736 765
1620 1668
2353 2382
418 468
3077 3093
895 904
4915 4938
2531 2544
1692 1722
1061 1106
944 967
71 107
4111 4128
687 742
947 958
2123 2142
3703 3721
3481 3524
3266 3309
3402 3422
3588 3632
2906 2946
4878 4925
1710 1737
1541 1558
2685 2691
2833 2866
1727 1783
1500 1527
2750 2805
4814 4830
4970 4975
3114 3147
2969 3019
3784 3802
2262 2318
2234 2278
4253 4267
1086 1105
3055 3086
3681 3692
3568 3591
1994 2051
2994 3009
2870 2904
3006 3023
4987 4997
4655 4664
2991 3018
4125 4153
4255 4268
4011 4069
1057 1096
2185 2226
442 477
719 753
4829 4835
1921 1945
3021 3041
1837 1884
4132 4153
2719 2762
551 574
1176 1192
1740 1787
2407 2420
992 1012
111 139
3306 3359
1850 1906
1028 1047
1139 1171
1899 1951
2183 2235
2733 2752
3576 3620
2962 3016
588 601
4533 4538
2715 2741
4924 4931
452 491
4994 5004
4804 4817
2560 2565
1048 1071
2712 2739
2362 2388
4026 4064
3463 3513
4340 4367
2259 2315
3973 4016
3309 3360
4194 4212
4369 4405
74 109
4956 4993
1726 1772
3270 3281
2336 2369
3451 3475
339 350
451 472
2223 2245
686 713
1630 1667
4851 4860
2170 2201
410 464
1063 1081
4038 4043
3786 3825
3063 3092
1036 1055
3833 3843
2941 2989
4530 4542
2157 2166
557 569
3018 3054
2762 2818
4332 4353
985 996
461 496
3114 3146
1783 1818
2004 2039
2663 2708
4350 4362
3976 4011
3421 3428
2954 3003
4716 4732
611 633
4481 4490
426 485
1690 1731
1571 1597
284 311
2325 2372
1940 1988
683 699
3817 3839
1758 1815
4331 4377
3175 3189
2064 2077
3796 3851
1795 1820
4552 4561
3810 3829
4427 4445
1357 1370
4340 4372
2578 2636
2668 2684
4309 4321
4023 4040
3570 3588
1723 1767
2393 2430
4253 4260
3743 3778
1180 1207
4898 4922
1937 1984
4880 4925
1543 1586
2106 2130
2020 2065
3885 3920
3302 3335
3860 3865
1856 1886
4940 4999
3570 3590
2588 2605
4243 4255
1904 1936
3700 3708
3522 3546
2157 2191
4993 5003
3578 3593
3969 3997
3424 3448
319 345
992 999
3856 3870
4805 4838
484 542
531 581
3573 3605
3251 3273
3452 3475
687 723
1981 2018
2949 3003
86 112
4489 4494
513 550
506 543
699 715
64 98
2458 2499
2017 2055
725 764
3496 3511
4737 4741
193 228
2957 3011
1163 1178
1854 1905
2305 2355
2422 2475
540 559
130 149
3056 3099
1240 1256
2308 2356
4897 4937
2643 2685
389 397
3257 3279
3792 3850
641 649
3472 3512
2276 2308
3414 3434
1796 1837
4866 4896
2401 2421
722 780
2117 2137
2732 2763
1871 1913
1113 1142
4352 4364
932 946
1367 1383
4828 4849
1693 1752
2901 2926
2804 2809
2776 2789
2891 2937
2092 2108
4678 4689
3450 3470
1809 1841
4356 4381
3506 3532
356 375
729 742
2659 2716
1034 1054
3970 4029
3705 3759
4456 4460
3078 3101
538 571
1788 1814
4983 4994
72 92
1883 1934
542 571
4768 4771
3443 3464
4082 4088
1051 1064
726 760
3872 3877
3120 3160
4206 4216
448 507
3290 3327
3870 3892
4871 4901
3014 3051
3842 3851
719 778
4790 4793
2808 2836
2906 2927
3477 3495
3634 3691
2900 2924
3063 3085
4921 4938
713 758
1496 1524
4430 4439
1863 1921
993 1009
1795 1816
3492 3538
4784 4792
2175 2212
1276 1295
2008 2043
678 712
1179 1189
3934 3944
2871 2893
236 288
4102 4119
4036 4064
611 620
4946 4973
981 999
4003 4057
1047 1095
3174 3196
678 708
2825 2852
1477 1496
4986 4991
2320 2366
1748 1758
415 454
1542 1576
4173 4216
3797 3849
874 879
1980 2012
2048 2076
2398 2445
2606 2664
4540 4546
3581 3598
4378 4398
1786 1837
3301 3336
1968 2015
2946 2987
991 1013
1689 1735
376 393
3041 3051
1835 1869
368 383
465 519
1979 2036
1224 1234
1168 1200
1931 1951
3239 3260
2941 2977
2978 3000
2158 2176
1452 1460
1641 1662
2086 2095
2937 2972
4404 4435
2802 2823
185 196
3601 3631
4001 4028
4538 4548
1113 1124
4989 4996
2623 2657
670 707
4562 4581
2141 2166
259 277
1063 1107
2928 2964
3204 3223
2316 2372
2642 2656
733 756
3938 3951
4922 4976
165 190
3588 3620
1198 1237
1201 1218
65 90
1264 1285
4328 4339
1782 1822
491 527
3667 3714
1622 1633
1175 1203
3683 3719
1138 1177
2426 2460
3377 3393
3145 3173
1497 1514
1267 1285
3952 3969
1925 1984
1559 1579
3563 3593
3968 3977
4452 4467
694 727
1651 1679
3425 3454
1991 2044
121 149
1740 1781
1574 1616
1140 1165
1338 1366
2325 2383
4033 4053
1736 1765
2193 2252
2587 2610
4043 4053
3501 3529
515 553
786 798
1106 1121
3767 3815
3699 3748
3923 3937
4523 4528
1508 1521
956 963
4110 4152
4827 4848
3218 3228
4533 4544
3488 3519
4908 4921
3587 3614
3965 3977
299 307
2838 2865
1038 1066
4920 4974
1994 2046
4220 4232
2625 2636
2328 2353
4879 4925
2720 2778
1341 1380
3315 3342
1407 1416
1360 1382
3071 3090
2582 2619
1759 1798
4221 4231
4980 5002
1244 1259
672 701
2355 2406
4803 4839
4171 4190
1714 1730
2820 2855
4908 4944
4754 4787
4158 4163
3010 3045
2763 2789
3985 4015
2382 2406
850 859
2007 2035
4962 4968
1876 1891
4170 4201
3102 3131
2937 2980
2936 2972
2512 2531
516 553
1335 1361
4298 4337
4944 4990
4777 4788
3412 3442
2264 2293
1755 1769
4210 4227
199 228
4183 4213
3965 3977
1551 1579
